%YAML:1.0 # need to specify the file type at the top!

cam0:
  T_cam_imu:
    - [1.0, 0.0, 0.0, -0.04402011600452833]
    - [0.0, 1.0, 0.0, -0.0025601400106739355]
    - [0.0, 0.0, 1.0, -0.017635245742563362]
    - [0.0, 0.0, 0.0, 1.0]
  cam_overlaps: [1]
  camera_model: pinhole
  distortion_coeffs: [0.0018802953849829409, -0.003652303767730166, 3.117507045293004e-05, 0.00048175416276617297]
  distortion_model: radtan
  intrinsics: [384.81109268711907, 385.4589799319776, 322.6712393337711, 239.39991235441906]
  resolution: [640, 480]
  rostopic: cam1/infra2/image_rect_raw
  timeshift_cam_imu: 0.0052559264670291456
cam1:
  T_cam_imu:
    - [1.0, 0.0, 0.0, 0.006021057482269526]
    - [0.0, 1.0, 0.0, -0.0025213336541727834]
    - [0.0, 0.0, 1.0, -0.01743269598887508]
    - [0.0, 0.0, 0.0, 1.0]
  T_cn_cnm1:
    - [1.0, 0.0, 0.0, 0.05002772119355333]
    - [0.0, 1.0, 0.0, 4.1225333788413073e-05]
    - [0.0, 0.0, 1.0, 0.00023574091884769573]
    - [0.0, 0.0, 0.0, 1.0]
  cam_overlaps: [0]
  camera_model: pinhole
  distortion_coeffs: [0.0015836636822816295, -0.0033431633421065355, 8.541751669274196e-05, 0.0007597980170162216]
  distortion_model: radtan
  intrinsics: [384.88335095659886, 385.49905756574714, 322.59930315077474, 238.68360046050088]
  resolution: [640, 480]
  rostopic: cam1/infra1/image_rect_raw
  timeshift_cam_imu: 0.005269964022492701

cam2:
  T_cam_imu:
  - [-0.9993877307510592, 0.01208522064239451, -0.03283460166161045, 0.017870661528472276]
  - [-0.03321602617267533, -0.032844274749509045, 0.9989083787923088, 0.04670556113481232]
  - [0.010993599480977004, 0.9993874128976246, 0.03322558821523644, -0.0593976812355273]
  - [0.0, 0.0, 0.0, 1.0]
  cam_overlaps: []
  camera_model: pinhole
  distortion_coeffs: [-0.3170375008962817, 0.08966709757315208, -0.001159278638250432, -0.0008883270498344137]
  distortion_model: radtan
  intrinsics: [393.4307466416494, 393.5086802291898, 309.0745377295984, 191.40656978073883]
  resolution: [640, 360]
  rostopic: main_camera/image_raw
  timeshift_cam_imu: -0.37982330810259557
