image_width: 1440
image_height: 1080
camera_name: 19509600
camera_matrix:
  rows: 3
  cols: 3
  data: [1192.45276,    0.     ,  739.3438 ,
            0.     , 1190.6091 ,  565.7661 ,
            0.     ,    0.     ,    1.     ]
distortion_model: plumb_bob
distortion_coefficients:
  rows: 1
  cols: 5
  data: [-0.423121, 0.173144, -0.003773, -0.003173, 0.000000]
rectification_matrix:
  rows: 3
  cols: 3
  data: [1., 0., 0.,
         0., 1., 0.,
         0., 0., 1.]
projection_matrix:
  rows: 3
  cols: 4
  data: [ 980.67499,    0.     ,  738.69215,    0.     ,
            0.     , 1076.08105,  566.97831,    0.     ,
            0.     ,    0.     ,    1.     ,    0.     ]
